9 poles, Ry

k[0].real=-0.2768441149338009541792925341911565723798349548351805613736294930738569716310553960728688549643897356
k[0].imag=-0.001179337350469026032451739925447817464650719789663395162108383898776954125891253245718853358243299157
Vdk=1e-11
SM=52

k[1].real=0.2768441149338009541792925341911565723798349548351805613736294930738569716310553960728688549670572191
k[1].imag=-0.001179337350469026032451739925447817464650719789663395162108383898776954125891253245718853345793146706
Vdk=1e-11
SM=52

k[2].real=-0.3602030646328335079761808829688098432567991892369223562901809264456240702838276662790013513755128273
k[2].imag=-0.2479217827404745287768654834034385661908925367725958997885326161074466815868007160124274536233736918
Vdk=1e-05
SM=7

k[3].real=0.3602030646328335079761808829688098432567991892369223562901809264456240702838276652131968061898553206
k[3].imag=-0.2479217827404745287768654834034385661908925367725958997885326161074466815868007174319556551285723438
Vdk=1e-05
SM=7

k[4].real=-0.5924178839196049181918963905013034810686812536572837048870783117381088930542167566460611658480250888
k[4].imag=-0.2055117224871769607157935757310670163162881891823774576105958806318253520271274578828497060489708865
Vdk=1e-05
SM=6

k[5].real=0.5924178839196049181918963905013034810686812536572837048870783117381088930542167567803817841560968408
k[5].imag=-0.2055117224871769607157935757310670163162881891823774576105958806318253520271274573665401085036897948
Vdk=1e-05
SM=6

k[6].real=-0.1667129910637514514503499877973729483818010819099773288730060605583192539358654064727218454782100043
k[6].imag=-0.2852900827585190237383767007820406872664769681349715991453627809898452899680037323995152318308142128
Vdk=0.0001
SM=3

k[7].real=-3.915911501326768414562768051201469026896454816153830409526108132832648740162858085856640518492765199e-82
k[7].imag=-0.3055290879493440360375886210974149040093992875353793108206702467933917405485172493530859207653512495
Vdk=0.0001
SM=3

k[8].real=0.1667129910637514514503499877973729483818010819099773288730060605583192539358654065385213839011622051
k[8].imag=-0.2852900827585190237383767007820406872664769681349715991453627809898452899680037328429583848063514438
Vdk=0.0001
SM=3

