9 poles, Ry

E[0].real=0.07664127313689338119388929429273583973543187179779614517819433877630431295727728588290236821306058224
E[0].imag=0.0006529852099979426791285848524103452640868590141518441154513642284990326181058508319573608389073537632
^dk=1e-11
ENk=52

E[1].real=0.07664127313689338119388929429273583973543187179779614517819433877630431295727728588290236821456690231
E[1].imag=-0.0006529852099979426791285848524103452640868590141518441154513642284990326181058508319573608320201426166
^dk=1e-11
ENk=52

E[2].real=0.06828103741367017960201176513795561976889568848173768492481550394511633332764017530402706329484414329
E[2].imag=0.1786043718647089071094923822211875801677098077954423832728635152917037796678500981742254465733471793
^dk=1e-05
ENk=7

E[3].real=0.06828103741367017960201176513795561976889568848173768492481550394511633332764017383235101160879310309
E[3].imag=-0.1786043718647089071094923822211875801677098077954423832728635152917037796678500986683899378125034383
^dk=1e-05
ENk=7

E[4].real=0.3087238811081360510407365286526356271523285886742446945124985772997522481575994747249112337870525403
E[4].imag=0.243497639513052920917841355122260587176183550449740911082794424980913168220842657415093248550936938
^dk=1e-05
ENk=6

E[5].real=0.3087238811081360510407365286526356271523285886742446945124985772997522481575994750962744561731178223
E[5].imag=-0.2434976395130529209178413551222605871761835504497409110827944249809131682208426568585600933686893313
^dk=1e-05
ENk=6

E[6].real=-0.05359720993094016222929146391196235660961088147311298277080313312519243982637312660945089586602013158
E[6].imag=0.09512312603499578807614167387104312406083380974140758807242639990597562646607769254953712005044533535
^dk=0.0001
ENk=3

E[7].real=-0.09334802358315800306017319693110258988637094019194627001879122194932171227546969168591058101418677042
E[7].imag=2.392849738981428143594734844138149040013460207051119338675685935059614049141800877552552470813333083e-82
^dk=0.0001
ENk=3

E[8].real=-0.05359720993094016222929146391196235660961088147311298277080313312519243982637312684053148776599018674
E[8].imag=-0.09512312603499578807614167387104312406083380974140758807242639990597562646607769273493650037334311928
^dk=0.0001
ENk=3

